%% non-poisoned materials
% poisoned fuel
MCNP.Material.normal.Fuel.Material_String= ...
['40090.80c 0.0099844321 &\n'...
'40091.80c 0.0021773630 &\n'...
'40092.80c 0.0033281440 &\n'...
'40094.80c 0.0033727780 &\n'...
'40096.80c 0.0005433705 &\n'...
'6000.80c  0.1087381552 &\n'...
'92235.80c 0.0005074328 &\n'...
'92238.80c 0.0020540448 &\n'...
'92234.80c 0.0000053614 &\n'...
'92236.80c 0.0000024409 &\n'...
'64152.80c 3.2822960E-10 &\n'...
'64154.80c 3.5777027E-09 &\n'...
'64155.80c 2.4288991E-08 &\n'...
'64156.80c 3.3594300E-08 &\n'...
'64157.80c 2.6301859E-06 &\n'...
'64158.80c 4.0766117E-08 &\n'...
'64160.80c 3.5875495E-08 &\n'...
'92233.80c  1e-36 &\n'...
'94240.80c  1e-36 \n']
%enrichment 0.195 atom u235
%any material can have an SAB string, it is optional
MCNP.Material.normal.Fuel.Material_SAB_String1=  'grph.17t \n' ;
%ZrC
MCNP.Material.normal.In_Clad.Material_String=...
    ['6000.83c  -0.116252433 \n'...
'40090.83c  -0.448114083 \n'...
'40091.83c  -0.098810821 \n'...
'40092.83c  -0.152694801 \n'...
'40094.83c  -0.158112197 \n'...
'40096.83c  -0.026015664 \n' ]
%ZrC
MCNP.Material.normal.Out_Clad.Material_String=...
     ['6000.83c  -0.116252433 \n'...
'40090.83c  -0.448114083 \n'...
'40091.83c  -0.098810821 \n'...
'40092.83c  -0.152694801 \n'...
'40094.83c  -0.158112197 \n'...
'40096.83c  -0.026015664 \n' ]
MCNP.Material.normal.Coolant.Material_String= '1001.83c -1\n';
%Tietubes
MCNP.Material.normal.In_Cool.Material_String='1001.80c -1\n';
MCNP.Material.normal.In_Metal.Material_String=...
    [ '8016.80c -1.196000e-03  \n'...
'24050.80c -4.331965e-05  \n'...
'24052.80c -8.353763e-04  \n'...
'24053.80c -9.472497e-05  \n'...
'24054.80c -2.357905e-05  \n'...
'26054.80c -1.165493e-04  \n'...
'26056.80c -1.829575e-03  \n'...
'26057.80c -4.225286e-05  \n'...
'26058.80c -5.623080e-06  \n'...
'40090.80c -5.051659e-01  \n'...
'40091.80c -1.101645e-01  \n'...
'40092.80c -1.683886e-01  \n'...
'40094.80c -1.706469e-01  \n'...
'40096.80c -2.749202e-02  \n'...
'50112.80c -1.353635e-04  \n'...
'50114.80c -9.210300e-05  \n'...
'50115.80c -4.744700e-05  \n'...
'50116.80c -2.029057e-03  \n'...
'50117.80c -1.071744e-03  \n'...
'50118.80c -3.379901e-03  \n'...
'50119.80c -1.198735e-03  \n'...
'50120.80c -4.546539e-03  \n'...
'50122.80c -6.461165e-04  \n'...
'50124.80c -8.079945e-04\n'];
MCNP.Material.normal.Moderator.Material_String=...
    ['40090.80c  -0.496737654  \n'...
'40091.80c  -0.109532499  \n'...
'40092.80c  -0.169263275  \n'...
'40094.80c  -0.175268497  \n'...
'40096.80c  -0.028838549  \n'...
'1001.80c  -0.020312838  \n'...
'1002.80c  -4.66879E-05\n'];

% there are issues with the ZrH s(a,b) implementation in serpent
MCNP.Material.normal.Moderator.Material_SAB_String1=...
    ['hzr.10t\n'];
MCNP.Material.normal.Moderator.Material_SAB_String2=...
    ['zrh.10t\n'];

MCNP.Material.normal.Out_Cool.Material_String='1001.80c -1\n';
%Should be some kind of zircaolly
MCNP.Material.normal.Out_Metal.Material_String=...
    [ '8016.80c -1.196000e-03  \n'...
'24050.80c -4.331965e-05  \n'...
'24052.80c -8.353763e-04  \n'...
'24053.80c -9.472497e-05  \n'...
'24054.80c -2.357905e-05  \n'...
'26054.80c -1.165493e-04  \n'...
'26056.80c -1.829575e-03  \n'...
'26057.80c -4.225286e-05  \n'...
'26058.80c -5.623080e-06  \n'...
'40090.80c -5.051659e-01  \n'...
'40091.80c -1.101645e-01  \n'...
'40092.80c -1.683886e-01  \n'...
'40094.80c -1.706469e-01  \n'...
'40096.80c -2.749202e-02  \n'...
'50112.80c -1.353635e-04  \n'...
'50114.80c -9.210300e-05  \n'...
'50115.80c -4.744700e-05  \n'...
'50116.80c -2.029057e-03  \n'...
'50117.80c -1.071744e-03  \n'...
'50118.80c -3.379901e-03  \n'...
'50119.80c -1.198735e-03  \n'...
'50120.80c -4.546539e-03  \n'...
'50122.80c -6.461165e-04  \n'...
'50124.80c -8.079945e-04\n'];
%ZrC, low desnity
MCNP.Material.normal.In_Insulator.Material_String=...
['6000.80c  -0.116252433  \n'...
'40090.80c  -0.448114083  \n'...
'40091.80c  -0.098810821  \n'...
'40092.80c  -0.152694801  \n'...
'40094.80c  -0.158112197  \n'...
'40096.80c  -0.026015664\n' ];
%Graphhite
MCNP.Material.normal.Out_Insulator.Material_String=...
['6000.80c -1\n'];
MCNP.Material.normal.Out_Insulator.Material_SAB_String=...
['grph.10t \n'];

%% poisoned materials
MCNP.Material.poisoned.Fuel.Material_String= ...
    ['40090.83c 0.0099844321 \n'...
'40091.83c 0.0021773630 \n'...
'40092.83c 0.0033281440 \n'...
'40094.83c 0.0033727780 \n'...
'40096.83c 0.0005433705 \n'...
'6000.83c  0.1087381552 \n'...
'92235.83c 0.0005074328 \n'...
'92238.83c 0.0020540448 \n'...
'92234.83c 0.0000053614 \n'...
'92236.83c 0.0000024409 \n'...
'92233.83c  1e-36 \n'...
'94240.83c  1e-36 \n']
%any material can have an SAB string, it is optional
MCNP.Material.normal.Fuel.Material_SAB_String1=  'grph.17t \n' ;
%ZrC
MCNP.Material.poisoned.In_Clad.Material_String=...
    ['6000.83c  -0.116252433 \n'...
'40090.83c  -0.448114083 \n'...
'40091.83c  -0.098810821 \n'...
'40092.83c  -0.152694801 \n'...
'40094.83c  -0.158112197 \n'...
'40096.83c  -0.026015664 \n' ]
%enriched W
MCNP.Material.poisoned.Out_Clad.Material_String=...
    ['6000.83c  -0.116252433 \n'...
'40090.83c  -0.448114083 \n'...
'40091.83c  -0.098810821 \n'...
'40092.83c  -0.152694801 \n'...
'40094.83c  -0.158112197 \n'...
'40096.83c  -0.026015664 \n' ]
MCNP.Material.poisoned.Coolant.Material_String= '1001.83c -1\n';
%Tietubes
MCNP.Material.poisoned.In_Cool.Material_String='1001.80c -1\n';
MCNP.Material.poisoned.In_Metal.Material_String=...
    [ '8016.80c -1.196000e-03  \n'...
'24050.80c -4.331965e-05  \n'...
'24052.80c -8.353763e-04  \n'...
'24053.80c -9.472497e-05  \n'...
'24054.80c -2.357905e-05  \n'...
'26054.80c -1.165493e-04  \n'...
'26056.80c -1.829575e-03  \n'...
'26057.80c -4.225286e-05  \n'...
'26058.80c -5.623080e-06  \n'...
'40090.80c -5.051659e-01  \n'...
'40091.80c -1.101645e-01  \n'...
'40092.80c -1.683886e-01  \n'...
'40094.80c -1.706469e-01  \n'...
'40096.80c -2.749202e-02  \n'...
'50112.80c -1.353635e-04  \n'...
'50114.80c -9.210300e-05  \n'...
'50115.80c -4.744700e-05  \n'...
'50116.80c -2.029057e-03  \n'...
'50117.80c -1.071744e-03  \n'...
'50118.80c -3.379901e-03  \n'...
'50119.80c -1.198735e-03  \n'...
'50120.80c -4.546539e-03  \n'...
'50122.80c -6.461165e-04  \n'...
'50124.80c -8.079945e-04\n'];
MCNP.Material.poisoned.Moderator.Material_String=...
    ['40090.80c  -0.496737654  \n'...
'40091.80c  -0.109532499  \n'...
'40092.80c  -0.169263275  \n'...
'40094.80c  -0.175268497  \n'...
'40096.80c  -0.028838549  \n'...
'1001.80c  -0.020312838  \n'...
'1002.80c  -4.66879E-05\n'];
MCNP.Material.normal.Moderator.Material_SAB_String1=...
    ['hzr.10t\n'];
MCNP.Material.normal.Moderator.Material_SAB_String2=...
    ['zrh.10t\n'];
MCNP.Material.poisoned.Out_Cool.Material_String='1001.80c -1\n';
%Should be some kind of zircaolly
MCNP.Material.poisoned.Out_Metal.Material_String=...
    [ '8016.80c -1.196000e-03  \n'...
'24050.80c -4.331965e-05  \n'...
'24052.80c -8.353763e-04  \n'...
'24053.80c -9.472497e-05  \n'...
'24054.80c -2.357905e-05  \n'...
'26054.80c -1.165493e-04  \n'...
'26056.80c -1.829575e-03  \n'...
'26057.80c -4.225286e-05  \n'...
'26058.80c -5.623080e-06  \n'...
'40090.80c -5.051659e-01  \n'...
'40091.80c -1.101645e-01  \n'...
'40092.80c -1.683886e-01  \n'...
'40094.80c -1.706469e-01  \n'...
'40096.80c -2.749202e-02  \n'...
'50112.80c -1.353635e-04  \n'...
'50114.80c -9.210300e-05  \n'...
'50115.80c -4.744700e-05  \n'...
'50116.80c -2.029057e-03  \n'...
'50117.80c -1.071744e-03  \n'...
'50118.80c -3.379901e-03  \n'...
'50119.80c -1.198735e-03  \n'...
'50120.80c -4.546539e-03  \n'...
'50122.80c -6.461165e-04  \n'...
'50124.80c -8.079945e-04\n'];
%ZrC, low desnity
MCNP.Material.poisoned.In_Insulator.Material_String=...
['6000.80c  -0.116252433  \n'...
'40090.80c  -0.448114083  \n'...
'40091.80c  -0.098810821  \n'...
'40092.80c  -0.152694801  \n'...
'40094.80c  -0.158112197  \n'...
'40096.80c  -0.026015664\n' ];
%graphite
MCNP.Material.poisoned.Out_Insulator.Material_String=...
['6000.80c -1\n'];
